pop,growth_estimate,count_last_year,id,sex,wings,head,pronotum,femur,body,Pht,Hs_obs,Hs_exp,IR,HL,37.4K_Pht,37.4K_Hs_obs,37.4K_Hs_exp,37.4K_IR,37.4K_HL
pop022,6.2,38,1,m,sw,5.67,4.93,16.61,17.11,0.195,0.975,0.783,0.227,0.733,0.167,0.962,0.47,0.543,0.799
pop022,6.2,38,2,m,sw,6.44,4.87,15.26,17.34,0.201,1.007,0.808,0.185,0.718,0.186,1.07,0.522,0.445,0.773
pop022,6.2,38,3,m,sw,5.55,4.83,16.21,17.24,0.176,0.884,0.709,0.278,0.747,0.165,0.948,0.463,0.513,0.796
pop022,6.2,38,4,m,sw,5.27,4.49,15.31,16.1,0.186,0.933,0.749,0.226,0.739,0.174,1.001,0.489,0.469,0.785
pop022,6.2,38,5,m,sw,5.49,4.61,15.4,16.03,0.174,0.872,0.7,0.278,0.754,0.162,0.932,0.455,0.51,0.8
pop022,6.2,38,6,m,sw,5.71,4.67,16.59,17.75,0.183,0.917,0.737,0.239,0.739,0.173,0.999,0.488,0.47,0.784
pop022,6.2,38,7,m,sw,5.89,4.78,16.01,17.48,0.18,0.903,0.725,0.262,0.746,0.165,0.949,0.464,0.503,0.798
pop022,6.2,38,8,m,sw,5.59,4.92,16.02,17.48,0.193,0.965,0.775,0.218,0.728,0.177,1.018,0.497,0.469,0.783
pop022,6.2,38,9,f,sw,6.63,5.37,18.05,22.21,NA,NA,NA,NA,NA,0.124,0.716,0.35,0.72,0.851
pop022,6.2,38,10,f,sw,5.9,5.09,16.49,18.8,0.204,1.024,0.822,0.198,0.711,0.165,0.949,0.463,0.572,0.801
pop022,6.2,38,11,f,sw,6.9,5.38,18.43,21.59,0.233,1.165,0.936,0.049,0.678,0.205,1.177,0.575,0.381,0.752
pop022,6.2,38,12,f,sw,6.61,5.8,18.67,20.93,0.221,1.107,0.889,0.105,0.69,0.197,1.135,0.554,0.409,0.759
pop022,6.2,38,13,f,sw,6.21,4.35,16.39,16.89,0.204,1.024,0.822,0.166,0.712,0.188,1.08,0.527,0.434,0.77
pop022,6.2,38,14,f,sw,5.99,5.48,19.45,23.07,NA,NA,NA,NA,NA,0.133,0.763,0.373,0.718,0.843
pop022,6.2,38,15,f,sw,6.11,5.45,18.99,21.14,0.227,1.138,0.913,0.081,0.689,0.2,1.151,0.562,0.403,0.759
pop022,6.2,38,16,f,sw,6.3,5.46,18.92,18.63,0.217,1.089,0.874,0.115,0.698,0.195,1.122,0.548,0.414,0.763
pop020,63.5,281,17,m,sw,4.74,4.64,15.96,17.8,0.197,0.99,0.795,0.208,0.734,0.188,1.08,0.528,0.448,0.775
pop020,63.5,281,18,m,sw,5.65,4.74,16.8,18.82,0.208,1.045,0.839,0.18,0.709,0.191,1.1,0.537,0.452,0.769
pop020,63.5,281,19,m,sw,6.15,4.42,15.49,17.93,0.195,0.979,0.786,0.204,0.73,0.187,1.076,0.526,0.445,0.775
pop020,63.5,281,20,m,sw,5.63,4.37,15.04,16.43,0.201,1.008,0.809,0.199,0.726,0.184,1.057,0.516,0.453,0.779
pop020,63.5,281,21,m,sw,5.53,4.26,15.38,16.69,0.204,1.023,0.821,0.191,0.724,0.185,1.067,0.521,0.457,0.778
pop020,63.5,281,22,m,sw,5.95,3.95,15.83,18.09,0.196,0.981,0.788,0.22,0.732,0.18,1.037,0.506,0.467,0.784
pop020,63.5,281,23,m,sw,4.9,4.36,16.53,18.44,0.154,0.77,0.619,0.375,0.79,0.144,0.832,0.406,0.578,0.826
pop020,63.5,281,24,m,sw,4.63,4.87,15.79,17.91,0.186,0.933,0.749,0.259,0.742,0.169,0.973,0.475,0.503,0.795
pop020,63.5,281,25,f,sw,7.16,5.43,18.42,21.41,0.221,1.109,0.89,0.124,0.707,0.202,1.162,0.567,0.407,0.76
pop020,63.5,281,26,f,sw,5.84,4.38,15.09,19.78,0.212,1.063,0.854,0.16,0.713,0.188,1.083,0.529,0.453,0.776
pop020,63.5,281,27,f,sw,6.78,4.99,17.37,21.09,NA,NA,NA,NA,NA,NA,NA,NA,NA,NA
pop020,63.5,281,28,f,sw,6.65,5.05,18.18,21.8,NA,NA,NA,NA,NA,NA,NA,NA,NA,NA
pop020,63.5,281,29,f,sw,6.61,4.9,17.72,20.91,0.242,1.21,0.972,0.042,0.673,0.208,1.199,0.586,0.397,0.754
pop020,63.5,281,30,f,sw,7.3,5.4,18.29,18.32,0.24,1.203,0.966,0.05,0.685,0.21,1.208,0.59,0.38,0.752
pop020,63.5,281,31,f,sw,5.76,4.66,16.01,19.53,0.23,1.151,0.924,0.079,0.687,0.208,1.196,0.584,0.38,0.752
pop020,63.5,281,32,f,sw,6.41,5.45,NA,21.54,0.238,1.195,0.96,0.056,0.681,0.21,1.209,0.59,0.381,0.751
pop005,369.4,2138,33,m,sw,5.75,4.72,15.58,17.4,0.206,1.035,0.831,0.171,0.716,0.191,1.102,0.538,0.428,0.768
pop005,369.4,2138,34,m,sw,5.97,5.08,16.44,18.36,0.193,0.97,0.779,0.231,0.732,0.171,0.985,0.481,0.505,0.794
pop005,369.4,2138,35,m,sw,5.39,4.72,15.52,17.59,0.189,0.95,0.763,0.239,0.74,0.176,1.01,0.493,0.478,0.786
pop005,369.4,2138,36,m,sw,5.27,4.65,16.03,16.56,0.2,1.003,0.805,0.199,0.72,0.18,1.037,0.506,0.463,0.78
pop005,369.4,2138,37,m,sw,5.2,4.78,16.05,17.39,0.208,1.042,0.837,0.155,0.707,0.195,1.123,0.548,0.418,0.76
pop005,369.4,2138,38,m,sw,5.95,4.36,15.76,18.25,0.206,1.034,0.83,0.163,0.718,0.189,1.089,0.532,0.434,0.772
pop005,369.4,2138,39,m,sw,5.88,4.83,15.95,18.75,NA,NA,NA,NA,NA,0.103,0.594,0.29,0.803,0.878
pop005,369.4,2138,40,m,sw,6.43,4.8,15,18.02,NA,NA,NA,NA,NA,0.116,0.67,0.327,0.757,0.862
pop005,369.4,2138,41,f,sw,5.76,5.07,17.2,19.82,0.223,1.118,0.897,0.103,0.696,0.199,1.144,0.559,0.402,0.761
pop005,369.4,2138,42,f,sw,6.47,5.05,18.01,20.26,NA,NA,NA,NA,NA,NA,NA,NA,NA,NA
pop005,369.4,2138,43,f,sw,6.86,4.71,17.49,19.41,0.229,1.146,0.92,0.088,0.688,0.192,1.103,0.539,0.444,0.772
pop005,369.4,2138,44,f,sw,7.02,5.43,19.07,21.62,0.215,1.077,0.865,0.142,0.706,0.188,1.083,0.529,0.45,0.775
pop005,369.4,2138,45,f,sw,6.85,4.69,16.72,20.36,0.207,1.04,0.835,0.21,0.719,0.163,0.937,0.458,0.59,0.808
pop005,369.4,2138,46,f,sw,6.57,5.53,18.44,23.03,0.231,1.156,0.928,0.075,0.69,0.202,1.164,0.569,0.405,0.759
pop005,369.4,2138,47,f,sw,5.94,5.32,17.32,20.86,NA,NA,NA,NA,NA,NA,NA,NA,NA,NA
pop005,369.4,2138,48,f,sw,6.16,5.51,17.89,20.16,0.204,1.023,0.821,0.176,0.724,0.184,1.061,0.518,0.448,0.779
pop318,16.1,165,49,m,sw,5.31,4.56,16.31,18.29,0.164,0.824,0.661,0.321,0.766,0.149,0.856,0.418,0.572,0.817
pop318,16.1,165,50,m,sw,5.63,4.34,15.34,16.87,0.182,0.914,0.734,0.225,0.741,0.174,1,0.489,0.466,0.784
pop318,16.1,165,51,m,sw,5.84,4.65,15.76,17.34,NA,NA,NA,NA,NA,0.126,0.727,0.355,0.69,0.847
pop318,16.1,165,52,m,sw,6.01,4.43,15.06,17.71,NA,NA,NA,NA,NA,0.109,0.626,0.306,0.758,0.867
pop318,16.1,165,53,m,sw,4.72,4.39,15.74,16.7,0.171,0.859,0.69,0.286,0.76,0.156,0.895,0.437,0.536,0.809
pop318,16.1,165,54,m,sw,5.76,4.6,15.78,18.27,0.157,0.786,0.631,0.359,0.777,0.138,0.795,0.388,0.61,0.83
pop318,16.1,165,55,m,sw,4.87,4.41,16.24,17.38,0.193,0.968,0.777,0.178,0.728,0.183,1.052,0.514,0.431,0.774
pop318,16.1,165,56,m,sw,5.32,4.18,16.05,17.38,0.182,0.911,0.731,0.246,0.739,0.167,0.96,0.469,0.489,0.793
pop318,16.1,165,57,m,sw,5.24,3.88,15.22,16.68,0.162,0.81,0.651,0.327,0.772,0.15,0.865,0.422,0.56,0.815
pop318,16.1,165,58,m,sw,5.12,4.18,15.44,17.72,0.201,1.01,0.811,0.165,0.712,0.186,1.071,0.523,0.441,0.769
pop318,16.1,165,59,m,sw,5.23,4.27,16.35,16.65,0.145,0.728,0.584,0.387,0.793,0.138,0.792,0.387,0.579,0.829
pop318,16.1,165,60,m,sw,5.83,4.48,15.54,18.66,0.164,0.821,0.659,0.316,0.765,0.155,0.89,0.435,0.53,0.808
pop318,16.1,165,61,m,sw,5.21,4.25,15.46,16.98,NA,NA,NA,NA,NA,0.13,0.749,0.366,0.703,0.842
pop318,16.1,165,62,m,sw,4.81,4,15.94,17.58,0.154,0.77,0.618,0.369,0.781,0.146,0.838,0.409,0.565,0.819
pop318,16.1,165,63,m,sw,5.12,4.58,15.88,17.31,0.17,0.851,0.684,0.301,0.758,0.163,0.938,0.458,0.511,0.799
pop318,16.1,165,64,m,lw,5.62,4.61,16.79,18.83,0.176,0.883,0.709,0.312,0.762,0.16,0.922,0.45,0.541,0.808
pop025,56,380,65,m,sw,5.12,4.59,15.78,17.84,NA,NA,NA,NA,NA,NA,NA,NA,NA,NA
pop025,56,380,66,m,sw,5.79,4.92,17.05,18.28,0.178,0.89,0.715,0.286,0.755,0.167,0.964,0.471,0.51,0.797
pop025,56,380,67,m,sw,5.25,4.85,17.09,19.1,0.211,1.057,0.848,0.154,0.71,0.187,1.075,0.525,0.443,0.774
pop025,56,380,68,m,sw,5.4,4.72,15.67,17.83,0.197,0.986,0.792,0.209,0.731,0.185,1.063,0.519,0.452,0.777
pop025,56,380,69,m,sw,5.37,4.47,15.72,18,0.189,0.949,0.762,0.245,0.742,0.179,1.033,0.504,0.469,0.784
pop025,56,380,70,m,sw,5.96,5.13,16.65,17.87,0.187,0.938,0.753,0.246,0.746,0.178,1.027,0.502,0.473,0.786
pop025,56,380,71,m,sw,6.12,4.68,17.14,19.14,0.171,0.859,0.689,0.307,0.766,0.162,0.933,0.455,0.52,0.805
pop025,56,380,72,m,sw,5.36,4.41,15.79,17.87,0.183,0.917,0.737,0.272,0.75,0.17,0.977,0.477,0.494,0.794
pop025,56,380,73,f,sw,6.96,5.63,18.9,20.73,0.235,1.177,0.945,0.06,0.682,0.212,1.22,0.596,0.369,0.747
pop025,56,380,74,f,sw,6.04,4.59,16.03,19.28,0.138,0.692,0.555,0.445,0.812,0.122,0.7,0.342,0.647,0.854
pop025,56,380,75,f,sw,6.72,5.24,17.17,21.67,NA,NA,NA,NA,NA,0.156,0.899,0.439,0.647,0.816
pop025,56,380,76,f,sw,6.48,5.45,19.07,23.02,0.213,1.07,0.859,0.149,0.717,0.195,1.125,0.549,0.426,0.768
pop025,56,380,77,f,sw,6.19,4.78,17.9,19.69,0.22,1.104,0.887,0.123,0.705,0.195,1.125,0.549,0.428,0.767
pop025,56,380,78,f,sw,6.57,4.81,17.84,23.29,NA,NA,NA,NA,NA,0.166,0.957,0.468,0.582,0.802
pop025,56,380,79,f,sw,6.28,5.77,18.99,21.6,NA,NA,NA,NA,NA,0.152,0.877,0.428,0.636,0.821
pop025,56,380,80,f,sw,7.1,5.4,18.3,21.49,0.202,1.013,0.813,0.201,0.732,0.174,1.001,0.489,0.497,0.794
pop314,168.7,1020,81,m,sw,5.88,4.82,NA,17.5,0.192,0.962,0.772,0.247,0.737,0.18,1.035,0.506,0.483,0.782
pop314,168.7,1020,82,m,sw,5.78,4.96,17.08,18.55,0.185,0.928,0.745,0.265,0.748,0.172,0.989,0.483,0.497,0.793
pop314,168.7,1020,83,m,sw,5.74,4.84,15.68,17.78,0.203,1.019,0.818,0.192,0.72,0.186,1.069,0.522,0.454,0.778
pop314,168.7,1020,84,m,sw,4.8,4.74,16.38,17.14,0.207,1.038,0.833,0.181,0.719,0.188,1.082,0.528,0.445,0.776
pop314,168.7,1020,85,m,sw,5.92,5,15.86,18.57,NA,NA,NA,NA,NA,0.102,0.585,0.285,0.799,0.881
pop314,168.7,1020,86,m,sw,5.6,4.23,NA,18.19,0.202,1.011,0.812,0.201,0.726,0.181,1.042,0.509,0.467,0.783
pop314,168.7,1020,87,f,sw,6.65,5.12,18.36,21.34,0.235,1.177,0.945,0.061,0.683,0.211,1.213,0.592,0.373,0.749
pop314,168.7,1020,88,f,sw,6.35,4.92,17.25,20.32,0.235,1.176,0.944,0.068,0.685,0.208,1.199,0.586,0.387,0.753
pop314,168.7,1020,89,f,sw,6.57,5.12,17.78,20.62,NA,NA,NA,NA,NA,0.191,1.098,0.536,0.48,0.77
pop314,168.7,1020,90,f,sw,6.27,5.17,17.76,21.46,0.196,0.984,0.79,0.233,0.733,0.174,1.002,0.489,0.502,0.79
pop314,168.7,1020,91,f,sw,6.85,5.54,17.84,22.75,0.222,1.111,0.892,0.121,0.698,0.197,1.132,0.553,0.425,0.765
pop314,168.7,1020,92,f,sw,5.3,5.29,17.61,22.39,0.22,1.101,0.884,0.141,0.708,0.194,1.115,0.545,0.437,0.771
pop314,168.7,1020,93,f,sw,6.58,5.27,18.36,21.21,0.234,1.174,0.943,0.073,0.682,0.199,1.147,0.56,0.443,0.764
pop314,168.7,1020,94,f,sw,7.43,5.41,NA,21.08,0.226,1.132,0.909,0.138,0.697,0.182,1.05,0.513,0.527,0.786
pop314,168.7,1020,95,f,sw,6.4,4.94,17.53,21.55,0.228,1.144,0.919,0.096,0.696,0.202,1.163,0.568,0.406,0.761
pop314,168.7,1020,96,f,sw,6.36,4.97,17.68,22.33,NA,NA,NA,NA,NA,0.135,0.775,0.378,0.721,0.847
